950756779
2090850973
1657387350
698806213
247956448
1285746356
1558549178
1677992187
1259434505
1716900703
212350582
2005894007
1862285043
1998046323
962762522
2007910756
1398047134
1359599311
1559615897
278985597
954127378
758449897
1951973934
1865717166
1699679115
679413411
730647578
682349900
692094320
1257804088
84285948
1402204663
368228863
1922113434
363983417
1435862863
1273397102
163067312
483179212
1157346777
1767890160
346179228
701085273
2044895869
236583695
1269931268
2042337390
185900082
1981455436
1292598823
763845109
287505197
261640229
1488303394
25622702
1144023114
1175385407
466696
1401308731
342685268
2107641669
390773618
727205200
808361323
1147204739
961865607
1965845880
935796065
1901717474
1166467217
436302656
1429568534
711308302
2064652512
1574000958
1530537360
1182285754
10481787
73735055
167005066
93017633
2126746462
1509966166
1187095363
1388685311
781746381
506473121
1816051586
193931091
1667153938
1637093557
1070927135
1011912438
1289344873
1909282281
1606643293
394448073
206744622
128321108
619280568
1542753014
332352420
242157093
452750986
851260381
597167153
1397258040
982198335
100621856
1081903603
809816472
1981573865
1135551379
524855964
1538848719
1284859412
1684066899
277904033
2103634053
1754248210
846675807
853643227
1990954229
2025022896
1238975416
1458375400
1684484589
855568922
2143855389
1296893557
2078479096
2029164370
2125252230
18729059
1246682151
2136451725
1417564235
818517827
48875707
1115254395
843345749
719933243
995147903
848162885
77159409
1885547922
2135229922
210074037
251224191
372128135
885184881
1683072198
739833502
451351984
960553884
1394553889
630689065
11833863
1323239917
352636687
1857416336
1774066360
1070357572
29201685
1166448279
118011690
1295067649
1455214398
97131503
401599201
136668686
1330586959
1427803702
1114547936
1854791218
603381074
607929584
1892809509
1774154752
408478269
1936531271
18917765
123296599
2071703685
1971464984
886796525
852685495
926738034
2134729394
387634529
1655627552
1186652285
384324306
1855284413
302574851
134244661
1392188077
1670676074
704091193
1025785781
382903151
1592252445
1193117848
1676859297
1546305098
2050169739
827687258
1688163587
411462545
553650475
156890874
1902484449
1172114160
855193189
123878152
1108446721
243402122
2050600566
1626145706
1753989020
785436771
253832088
1253380074
891810295
1367255652
1390720264
623463100
971607987
349785721
1185871008
138303649
892122689
175210669
565633846
1845428100
3763079
969042990
189554082
1117207673
1459834390
435925755
1537444368
1304252272
1202350575
84995755
447029030
1319110004
1808149247
523305632
1252222559
764808513
1447050696
328745397
1895947295
823832879
1332125144
1510275233
2086617138
1366282856
73323421
1838607016
1325921229
320290884
1534868006
953009078
1290534620
430523640
938410737
749353191
1534975129
605941692
694563370
1952938145
891342267
2091043644
600641553
1809440371
748390230
382875131
1121320305
1861363710
1545588121
737355535
1753833555
320020163
1279827453
863794219
799985013
2100483271
338662664
1071729298
1608964097
745495255
1119154187
1962640483
749779861
116083231
1095711941
958319362
346164634
455803915
622230556
1731077449
110235787
1601968395
1280332326
759260142
537376120
1511713205
484808778
628175128
709767644
1940617270
2120309901
704867789
1193132871
1929350858
1744284353
887855674
1473933562
1177508389
1321686818
19505558
1412398962
2052604043
938845293
1610484942
536533406
233120889
1052609295
234137079
951845449
1060774840
33498486
368338688
1620458562
659440280
49683793
1811853915
510634945
896867203
459362528
302297131
1909055562
2091144354
145790876
28411705
774156301
1789017381
1096580820
529183186
1252024875
1737300819
1627200321
151550502
193681772
1771816799
1916691491
1579184237
599077986
1300373566
437448243
1356096420
668585329
1279183399
776596876
2005572113
747179879
1515342344
1350205835
449770996
158692332
2114817997
744234082
1397456046
15117883
683189235
1913895783
1836360115
69478121
1635159326
774561423
7968247
778341215
1257906628
1807675728
1154806387
2021228370
1888886344
262030007
1596851299
1176645734
1855429762
597971847
2036848216
271149485
249095461
1101785024
2096893934
142217821
105618436
1307561430
984794259
780643584
1299116765
789230306
1734749070
1689627818
1398472845
2072073147
1738561877
1346965657
1826674172
486591292
522116868
600018834
2080820373
576817616
832489554
795973873
1257246348
1447768003
1647105911
1844836347
795588643
1225136679
798956517
1994420175
147635202
961227729
1982448569
804315978
1876568028
1534006754
1510332243
897300561
1300359493
200923332
1074147840
1455210198
26542103
1564010192
1119457664
620727481
91216041
1912160776
593384877
105571071
511497875
367746184
252178422
1377503023
1819592901
1730753827
1113571774
480822013
194608830
173011429
110229165
1490672441
1187489985
1578646324
148308783
1544685361
597053744
1638676624
1907730440
1294655370
968492186
1669609489
2105349921
528070628
1880615392
838576798
25068725
423266263
1370243377
65806811
60994272
781029885
1349226731
1173839244
1931392566
1699532357
360335352
252376524
412036043
1602496773
1570846784
57942470
1029001199
737342302
1531426524
1094079573
1440397797
182621548
566225673
1054846254
1323484993
176661725
1331211921
1194121801
1370428192
1024508869
396679637
1205418771
112558399
1983402633
1806884097
734766052
1182065714
607236801
986623863
1466026954
1435133847
1905727072
1983787746
1837027347
546228110
2110737492
882663251
104226081
1528571062
346969973
1106234606
1719090963
516828403
1911100753
2104931139
2079536142
467583669
1036060510
1271581694
1863759761
1013827985
1271688597
1512994835
550327718
145888797
1674169952
1443640270
991774084
2126445421
745337373
613115060
998275114
1867590634
974801086
329109439
1571950248
1423992742
1488252626
1319848573
1336376548
2096661910
537557747
269350900
85048424
1332236913
1241293169
1758144425
1905851902
1934321909
1540876277
1002288366
598840294
1600451416
1554270037
625429751
1812856639
183548037
1105340767
1728724419
1365049870
825364189
1299048550
1790224448
2056403066
364515444
1787706064
532112471
1092393989
1028074920
201756678
47808533
359130153
1471433401
2106975402
2077726031
109819150
1042001277
186321254
470158652
1364126851
344569385
1561741383
1642290447
368227838
1904886259
737145537
371880816
1023461742
2124968971
1700445987
683329233
2119358522
1894910112
571767374
1852418140
1521248421
1829394212
1105146985
619313992
2104510182
1446962784
998692060
285267468
1306834572
1653393735
150111965
1785994177
1825198720
1458473292
1182271786
1923205258
1534400209
1680679487
1327729018
639029549
603911396
931116850
567562261
2044044300
956649041
190366998
1894985003
1830460411
1844884402
1603249028
1329094687
2116991962
774841838
425935858
1140969955
1400549622
469242187
993485125
819140450
1923365880
2086490516
1385630549
979968975
1286473982
902857478
206183044
1427297897
1203417889
843472977
710770592
1617295130
1178729831
375626042
1692449361
1575505812
1052814774
1540138985
1495523604
1116607940
2117540094
1397361774
578172026
2121221954
1001357031
2125762125
2146083383
88083069
795907900
148438137
1571254392
466159185
717078039
252374509
378169938
1498036493
401060423
1818845075
2046944127
301917549
1971871829
1282189499
1907995695
1457828861
1088738204
1862322188
474858691
900787385
1921351992
451329605
584430031
2072813286
1293176168
1877347936
1757018628
164450899
114805804
1100832822
1125620449
1119439920
322504073
77229883
922520793
2122520258
1347115889
56656102
883850693
734210952
442434602
1409969900
2029548302
2135546413
1234370980
1381030840
982071104
109734086
1759814276
2053750248
875759905
43806797
1821429905
393025350
2064842925
479304955
467218788
1345956484
2045372737
1808853230
1617729678
2039727126
1412349621
1223329856
496453414
918560503
2133919285
1804518095
1771559731
1891116909
1243913963
708672596
716014710
1708356829
496864613
1387131155
430850253
2132828134
645412414
506541101
811107799
62586637
1774104676
1714334584
33261489
680097403
1489082887
241659671
682514020
1302975513
1218698532
2114685885
671311345
1998177724
1023735482
283266210
2031429718
1544250420
1876934945
1258329832
330530768
1837906634
292019190
966392935
747236284
315857532
37964940
274103421
503773932
1547938650
1587990792
434476228
797564196
68517598
524034794
622346411
1530768787
776912049
860233783
1089279277
218717864
1646620231
124463528
209442918
381425393
377893856
1152893613
2085490457
1757508112
1948757546
1494975225
489936675
913394127
1201983733
361933202
1337637710
1818175174
1525336255
1814143546
337757516
891292391
1252777712
1505330396
583120265
1534412594
1888834182
1532826920
1008215028
1424000766
1623111994
158515317
1287210539
397269095
375021142
115829649
1128726561
1784256776
541987524
1706168941
232252996
1498317173
823481889
1875487155
547643419
128032091
56739143
132037133
797486980
918231933
906610589
1007693858
1254631164
444043455
532674860
1954531324
1898097956
462770307
1742263962
1290882489
1982190629
764085692
36016384
1884461081
1048562411
937634395
586275079
870280317
290168102
2067411624
701756108
434717832
563235330
188275334
1100126507
2139486126
877134314
1668662390
1219842557
2014961237
1783880716
663998045
1490112503
366546607
1565724253
2010393480
175516462
1410129503
417028629
1761027442
968594740
1245750920
1517637837
1275851040
604213985
1721762879
326564028
1740900511
1997681649
1276137545
1124536226
76773135
1835891745
787518119
875309572
1064994654
88952033
368200319
1442374426
1191570446
1439477647
1897529674
1649072968
545424994
1497668762
663056447
697060446
971621537
577520571
1909636004
1109214813
267822484
166764476
344388797
674082514
1328574873
1970412652
380121777
2090339861
1657062554
1682410782
360833025
26832047
2142131706
244240787
1113657692
1924845839
1190357665
383620203
758843527
2125262403
189706670
1534270542
1648849865
1090700167
477295977
1062063894
223792594
1038261461
1755743152
202362237
1635504058
126021206
619533300
1495452444
2068105467
1625757174
1666382637
1558739532
582304571
709945418
633497594
2117624179
663094722
1340348371
131614367
134509759
1552722869
391980939
1691296424
1525446476
1519144246
824263339
2124415423
986899339
1800984792
369394679
41146476
59087798
951176072
547973836
1386383316
746822062
1943962966
369364104
1674756098
557577857
1739890738
58812367
616974549
1440197327
1108289552
1896830033
627624916
52289148
502898813
1872199146
1120650978
1349403056
1989849872
643963973
1932396978
1400815665
645659594
365928067
