831748807
1231140926
780604437
641173136
123956106
271135952
21646330
885131967
793746600
330691036
236563616
932463515
1726124446
616976599
1474651677
361965312
1877310480
1127495636
423453124
215848910
672750587
417714254
399424935
101002023
1028919431
1510551173
281889777
372556757
1646583894
1661231216
878152665
1604218471
442654012
802626476
1398395325
769194507
524209
220446075
627891450
236958792
1131735606
817668563
807681188
453594029
2135382200
621926736
919742003
516553315
1582664031
1101917275
24669197
150850108
1307061696
1175699509
984611716
2007610677
649586675
1943869024
937964557
1840340519
396135092
643185544
1734242657
1768279115
440894972
1303212254
902637225
799358167
155017137
475357748
698503796
1607684870
720363536
1784631413
396060642
1539388041
1759309678
15422603
1509650981
184748362
1951850219
1933922808
1275636711
1296953776
943096182
40732367
1689092423
990023668
624491120
1069670951
1374064420
2009050749
1230556662
1698297624
1083014291
149796865
785075771
628956029
949468869
1919784073
2016602383
1449334127
51664568
743000988
198011
1180487230
1994943624
355307957
1656294639
1660965259
703180660
754843179
1463406624
344920477
1020093686
1352626601
333395865
599468032
1413425747
2129910362
998542291
2063067179
699112991
1109007000
1070076687
1750818431
1184438623
1834012718
1418966035
756250310
1490737224
128814219
317062557
963467292
968078264
1155273376
1279977905
1244957336
1064773431
665824366
2120318492
849256726
1281475920
652291677
162197404
895020985
1642231307
1521745505
1593950412
1813561806
1297871571
1336091218
1596087894
1230999781
555864069
853543233
310355071
2047383381
1242008586
897256062
552464800
1704087619
1758696141
441124479
865569109
565790185
178050379
1047999582
68101980
2128677656
1755289019
1159683494
238903486
1603952959
275161122
1100685463
796441383
524752330
1944555728
1741980450
820863599
819560065
385900597
430719839
2088443683
2000253613
1553463553
2103238692
1551866824
1036818153
1120385713
1186061495
1192335011
1404619720
155902569
324427843
197777568
1890383467
1801856151
2129423510
1405955315
1128411264
780027391
1680179249
1510163540
209392887
1688038023
448592044
1818882538
529101121
2020242067
344477352
14942752
2034729812
1174355456
2017433062
378170551
1508339184
1759696300
70927616
227018027
1561022717
301089220
935048208
69903110
188014861
1017324090
2048666863
1338654090
1720604658
187696504
2109148932
2101022742
815617173
689707810
1949919811
1701810257
2137778653
96923014
1192491872
1893498900
475847407
338268021
881415338
605388760
2138853481
981688034
113927537
1372184882
484426641
648049510
1878540633
327840637
1722031504
546377109
319996391
880291449
1043539160
263717071
2034048536
461567959
861753949
868905475
805518725
616300387
846974828
1584321880
1048098007
1722330955
1284282772
582413007
384945623
1560340997
1728323062
1061893712
1658511014
256874238
843187596
209339419
789401347
314467863
304118174
303070558
2023141269
1826725132
1343076012
877920067
1989911179
1674350722
186874366
1176377448
1641314254
1141221263
1329315884
1539682647
268301779
1779824600
1212333137
358190823
716499620
1268304611
472916955
478285138
507023645
331290219
1717097709
1375946777
1433570143
1394357708
1628442292
1698004276
447681749
1551940002
119237152
416571013
512326271
1405695874
1062953671
145889104
1679329701
116712186
929140391
1708954200
1946944422
1086571215
1948960064
603727957
2143024871
223279413
1003162982
266125877
1716661685
490142350
75206558
1276235870
629600854
1049624409
1606765605
302662210
1602487374
1412877791
1510348458
1169826066
1053902977
502213983
1099679571
1070283715
935370733
1195613491
671458258
172377221
188513544
808754683
1315955318
326949173
1771581585
110933440
442520484
705905027
1446122761
1912811028
784752006
1629888615
236551173
723334014
169847631
623367354
1509888612
2031128932
783907412
319699139
179344379
1321421112
1996235757
597350818
189148401
741378047
640716035
1031394187
154102325
132497993
2100710059
2002804933
1483825853
2081002407
1488779407
1583522252
493652093
1081398690
913678269
1682591033
1242827935
1783152823
1315202276
555474161
742810418
1092255315
844864649
478281779
450568932
684700802
1548998588
75015935
219918756
355175605
1579338222
1039620234
970320846
191643404
1872704175
1018738793
55776420
1131420848
1969981798
1728693187
840133646
421209297
1158554167
585657420
1226703739
1366730173
1148929299
2029258116
1553357605
322570656
1196290364
1310244534
982566600
1995084417
574132261
796884656
1532390700
119116429
535063199
1293155604
1531728788
1879263327
1736740460
799181196
1475632834
1819885482
205711753
2096244648
2114569901
869451904
1399416340
749524436
118122550
1010808022
2054777984
969049681
302009719
1373489372
934153601
66628790
991093443
1424330369
720298674
694495779
816936208
1383892585
1834779085
1414394322
1228881211
1456280078
828146087
809768002
1166938575
1915965621
116905382
2028701916
795238793
1787658670
1883045160
873498281
687397875
1781547912
111266863
1751393551
113062228
1861322048
845374887
463917257
1691699789
1862351090
960614605
267608089
858395005
249708489
667528385
694994767
613492936
906786105
1810107623
1225476359
65507336
1470168888
181658234
1555676451
640709732
925459666
2124034888
1033698535
228573515
1934305769
1269611297
959552087
1737220886
283766390
1848020390
622708169
1168384552
448697296
1440369255
1850399801
1958763200
8793890
1770021234
1803401594
186396600
1736498874
1033812588
2145462286
386724025
1385172353
1869003391
1096687868
180855275
945246420
1820044081
723801499
1584417085
500724795
1840700619
5884851
122442995
610083139
1580386395
1476394669
1739144445
400767798
1195663994
1520262179
286010447
909180743
1254599196
2054240926
532650463
1544490945
1624471326
1529971771
266366019
1457760985
2095429919
1306321480
1619791079
178471734
1687262126
292993047
154138358
738104624
1458870496
1415628473
496420598
367021991
965568553
1924233539
1636849800
1269070530
460815706
1103539660
1522290128
10010938
750110500
1378165610
70790728
73825058
1679685487
1801440194
1580885152
1269068980
434764856
1353567698
1118027615
208214055
1202761422
547650343
244403759
1705244449
1874185128
139312100
661289470
1064249065
442739592
93485889
1406790466
132408592
598147452
693274157
1759971724
405011490
1652435087
1217984205
846410231
685074689
1390466456
652679338
235164890
1046395750
1029784967
1025229196
1765797291
1678551944
2077335816
2141410233
1003345958
1193919862
123923066
1863316319
3349232
455967402
1222472918
1126281977
1500322781
171997193
243833889
717373947
930732971
558158849
767205047
923408341
2007153965
1563562679
40557614
899502399
1799428760
2134452266
24911527
2076206771
345420094
827222017
311309041
900887995
1464820615
487547097
1553945974
1621353851
674176974
768680446
2098119217
1408196379
139268266
2072055079
1434893001
5311997
1231904052
721561237
439555650
268063870
2076255331
1161568014
1847260068
728878197
1009134491
1845029878
1900780513
451349219
914082529
2034537912
96575803
1799367536
1105460498
1593559689
1689131286
1643194109
523689543
1262163795
343437499
1865486204
2112868075
184149733
480627204
1215421261
720683363
717512861
1117976922
1503700451
1105922061
761114442
1637825162
482110488
375171685
498522203
1328958874
1981866518
1759203056
370910296
1891801278
2008685511
1534452537
412672536
1562616389
1316130760
1128119220
166611177
2062859798
1508627818
168316997
667805480
1057163138
1608648735
1887657062
1076323903
1521079040
1130091392
1100651276
221860474
777375326
56595734
2016729364
1436020147
1769385643
1858441892
1830716876
1860324363
1257152268
2014049090
1485811616
1095982796
1215612053
1779840860
1485614957
2085702277
1022599558
519144365
33284794
1071784538
389899130
1062070913
341760927
1604628011
883341851
772038046
547243948
2004057582
1062261126
1391187171
2028318108
787028678
1239209273
1093842705
1754324615
2130814642
1164390722
2043873190
228286918
1412437284
549198250
490272944
122616269
1374815610
1749399197
953692902
2046146353
1926115460
1054041342
680230891
1585132056
1779824157
1204887636
1923190689
1289539026
877444458
438801657
480605401
848978240
895929012
1871055567
1227871548
1666743213
1176489423
1375794432
1020591375
1127351036
140644571
1581293097
1682949654
827720141
93344521
1178302137
1777307572
1858316481
1870417846
1247112936
786720632
356847445
1760665691
1331096624
1403808769
1558634641
966885181
430480218
208617183
1535682777
1761963393
1666737668
1083294608
566117390
1382417520
665681747
1870804606
1304937315
1978450041
173048939
740659735
1452948133
662721294
1506594916
361071435
1886305270
1979075876
2101523196
636812963
2004456140
1318374491
183800491
1053367851
98285889
476011880
955082085
1771824917
2053130717
1200720623
607679902
1991371429
446968708
305278150
471434367
1330232386
1910946232
1655380339
1326710688
703826415
870629229
1859364792
162028000
195331604
1583255812
310562307
1235431539
2025976777
90984207
163210385
740323476
96410414
1167158260
1313244122
2004518235
214521509
1985442097
1724417193
1987946486
866010176
1536352313
129953063
130260842
1008135201
82348377
1049703571
789757692
2008590984
2093220895
686477111
1338652893
1700486679
1367239677
1122228439
2091986319
1411794749
487530740
1279033875
411030655
1884809833
467586334
1080851165
301360182
1194139248
1663659921
895208307
495584867
1353276603
520561244
224450030
1350370078
1062719450
504304051
1867714095
902326466
2018882595
1118151565
143958058
1436494284
1148271614
1712964556
629521010
1855169948
526245243
1266140755
612211162
838846957
270663744
675181062
464518286
1055775957
1916617785
340407495
332332857
2060845399
2012362177
1051152236
1515150230
268829484
2059027947
1531217471
1875493096
647493806
1128758093
166731453
1936854883
1162897355
567174138
1963311980
1298211705
610272415
466580833
1361265034
1638134947
1393699689
1306535194
916714983
1181035703
475711100
194839919
1909440605
2120111114
1658821974
1188211664
823003395
275889438
456590593
959025820
1482186005
289880835
1534282449
1848970814
1564098808
461343129
1378003433
1640049183
1354009436
2099867240
722447882
309012636
959914806
1390988178
831326404
574264646
874395704
738000707
1859821124
1389148983
2132230744
1342496919
1882522251
674901306
57626488
13259019
1653516692
69166617
694678892
1747032752
1983041080
25230120
988348381
385229922
2043586996
1860675301
712916293
1172869838
670971453
580580174
1792776097
1992294869
934839259
853064561
855249355
1067860114
1004098019
948907207
1069865427
