125730205
23646787
147074414
125998401
236249665
2098339999
823912159
517100457
41061390
776531043
899116882
1762495482
2019622903
675606239
1168017184
716794261
1925368604
1386534432
1139145027
793755784
485046524
329004856
1961707414
100074707
475904948
1305359608
485993904
1219234987
393466835
894946732
394261136
1359861757
1675578525
1495206564
83083954
527644328
1158242233
1785433623
993902230
1386973244
2071807370
1566615132
1951011304
719180285
1225084679
2072476164
2069617655
1271297126
1375992679
57561410
1066976720
1189280590
1608573501
623199224
831611349
1068367967
949648802
648950710
1992623504
15756763
683427160
1617733964
2111761928
920489927
202010101
12121600
1864268382
972286544
1016874985
943010069
740914823
1445244855
42746768
1185391678
672138927
874962869
1680408274
1064419421
1158429237
633442557
1192617320
1854419789
803224812
717210242
326826683
1860375802
2121687541
236543152
588525067
31122987
1245516288
1869145107
1331025033
200578832
1726587281
1953393503
2102093232
1627473427
446675750
1823983985
369774970
2137730019
1427015023
744121865
1658908574
496214217
1193343818
1179769793
674398200
191858534
1193426791
426813357
856710119
1996600545
285891793
1062446612
213683079
778850969
1235407518
1622255830
801352498
1461483549
236053657
951517190
1986176768
1187130808
1984409426
1548184872
1431276652
1502360117
53764993
1685105611
555667441
1843783731
284140707
1696715268
258160763
990976801
1611411922
1083900737
15909258
1098926978
1306355046
36451194
602378163
931873583
401071910
2011907084
1992338773
1672733787
928335232
1061548769
156021307
172573762
1344294484
2029426148
82504135
1520044630
924631698
1093278594
863245626
169717050
576176134
788519815
530945068
799204591
1868832599
373670371
1035741569
206107601
159327396
2050920410
559312873
835533592
417513011
1312101128
2121570900
423641512
1234602379
975186539
364967069
788232851
2908414
1637073864
739946884
209479611
998124644
1486124991
2067909127
473354441
1388661399
379857397
1941872495
1742040006
1821821291
528598911
22049538
1219397882
983759453
568528318
1100695123
958797003
1931425980
113637808
797676873
1962279937
1132534180
1354399899
72444293
2095488249
139190143
759041818
1162971946
1820825075
965065775
2063978281
979618776
1843130330
39848335
1863552128
1819107448
14196197
224798162
758973661
17457247
1346174337
1411860814
1597885195
1373466630
551928807
1285587856
1042123325
90098343
306879666
1618310015
1056032850
1939251142
634633075
1874300523
2078755865
238370012
1227790029
296653380
1543812973
967214157
1664612556
1873759223
1571061353
1516720006
882250952
1764651376
1746511362
1809973938
1126116211
861777266
1260794294
948554309
1581159682
1588127396
582896009
2060309296
1592013644
1474556735
913758765
888003658
1813617003
78083903
243649404
1911701846
1470082955
884865950
617766175
1860153627
535075963
1507680152
1420763711
905019784
40837987
1316764116
1035515277
697785251
268517290
1106950683
869295220
913511999
1035574790
1698020242
716022311
1836106836
107585262
4267660
859601269
1196034714
1308502278
1765241066
920012957
775509899
916618850
1712812019
213315298
1040006643
1022245968
1018808176
1221896501
28376046
174835488
702417720
817012481
518329249
1366015711
2025868347
416084844
931218476
128106796
1312306078
1271198256
1861768236
1902005662
1715075639
1750754639
112286479
1708210487
184778266
306963100
873101606
462932091
166400356
667074898
1663173346
1307276870
497161633
2084179001
1190703590
1902614384
1208448058
1633661127
1364134594
474705986
481758097
894987089
1072541235
222803727
1598242968
944106500
1988761464
1678443540
255389788
1663840210
1777841883
101063223
2057507831
1752431623
380069156
1205938714
261305812
162724169
1158425752
574870162
313884881
1243357935
2100928235
1374721671
170566424
1966703070
310202866
1636757593
1866831128
1094685626
888912333
2053332199
292061303
1674186126
1715476688
2048734241
323592489
1190368419
564362681
1955794415
1652031923
884457798
200406452
976880268
914182961
1575014889
1391806501
1699979183
1427688993
1334117420
634719613
1181261042
2115500026
1469677250
508632956
1609176432
19242306
1282889892
794598964
1771470902
398167906
448952090
1427724719
1934564302
1319808134
656718275
1545585992
701573432
1659449594
999202769
278819043
302337947
447566427
1761206795
1835496964
594884793
1692339166
1870942094
1468214484
1693728558
1600133321
503014666
1671856870
1222376742
1657335592
1976393154
2110171129
2101218545
1958994547
1749559272
1496589780
1855958796
899511697
1955700246
69333540
1352670106
1064584400
1783747643
574923781
1215059414
1081571775
1675234217
3389302
1129423892
619397011
1352326868
1738234275
135926137
1735467798
884387432
1165248737
1432145766
1077173586
769315692
2037280504
1094162960
694399459
1345569615
1985716395
2039576385
1026329281
927573063
1136676268
103512564
273909078
1532418425
585090504
288481115
1631508526
1692591586
1818397740
971035723
1469162908
454021550
730793059
979965420
1226725097
1725694079
1973733018
350938317
1230199157
2132162030
187620721
835464051
1396221071
733729528
941076022
447641599
877138952
1746613256
1375022749
935817076
107365704
609123648
486606687
780860633
652092014
1101428657
402401059
728594210
531132276
1798125800
1710440016
1149250170
979686072
826690555
2116445442
179414786
357267914
237553586
391020129
575348283
1907213587
1197841587
1611845731
1932477659
609337585
1934762199
350895719
514254571
1602379269
1743440703
1741015653
1785389596
253940441
926985298
1995528148
1589468237
1643574226
469865021
724037928
1263111994
1247432563
1863724327
418288747
1464994198
1257472931
960981190
2133834890
386091330
1488885723
1222891617
1720905129
942745307
586027183
998859539
952603374
914318433
1704409146
720149489
334627131
1966002871
1426860155
288739036
1671419479
313597146
702363084
2046228876
1165595874
824026384
289396385
1982065887
815030545
1567669249
340202900
1188671986
2117184308
1860117413
2073910912
413623527
366052950
1858765642
829532185
483596971
1736171349
1971550854
182529968
1174524260
559554596
603204759
1939570673
1710023298
587921685
627499948
99435619
472171167
828728104
2001793133
1658372429
75159790
490206094
1146551966
728128031
1285996411
1466256269
994263758
1020723399
1198794757
451904745
1660873423
1307176655
960331775
1956535220
1217839676
564794975
631425085
1644703768
126724592
1703923567
1148957824
361194144
1801191786
1700859190
1185581113
1708489325
576241238
1882722743
1897086703
646510312
1779043611
971152896
1291005872
1908405063
1895625896
1864530827
1088232365
1950620703
596800219
1672649243
1654887871
1639735600
378587249
2069331529
757344738
557435797
1499771965
1651850916
2137240443
1788645779
1293516947
1162369648
287937177
1079477148
830576580
856874560
465393138
727027992
2124993761
2117091517
300579076
950992588
1759125542
1215616145
1848615104
2028131779
1950364469
585242675
698535465
2139945753
12150715
206120540
376793169
1981000027
80990701
1853563156
1438179510
1554577585
1499421693
59796706
2128374593
956676472
651399815
205058299
1851061505
195120446
181806953
1907713037
1002163149
641801822
2100347120
197856454
1068736822
706543846
1445335459
1565528196
862747128
381395752
2027201216
1342777657
158434876
2082722299
330233193
1131530903
1672192536
421464263
1148800435
2010924515
510687119
1773755621
142734493
199390152
1075795344
1227522515
95512876
1114622623
962571980
952955009
381796937
179982923
1316011885
1277670742
1123174441
811572757
1434684802
801078698
1154694243
136424162
1515839385
1114039334
1896651992
1930257123
1943494679
1088799083
738031894
236497386
1966819552
120432193
1174272277
619443609
2135499454
445131067
1632300568
2119539598
643287150
1294451052
1829486854
514697432
455609508
1649799401
2017166190
187820141
2039632344
1966832194
332906287
961065174
1397870331
535554937
967861582
1808466296
1556980881
1089428272
575393182
514347433
1015627256
1447265236
1787035530
2147349415
2038930070
901131311
1259265333
1021110546
1263123445
1439889520
229944597
1355760826
1470707912
651100014
1608753833
1506555501
1846107177
679591983
1584423535
609129945
592440366
1411043870
752409269
1358870547
48697584
269024781
1046417332
1392513641
699979281
636357501
791957247
321806223
1233366815
1683898861
1748656661
1358792232
879941026
1596430740
550761562
995053964
1416813759
1090169577
149604435
1845872055
1022863823
665678926
1823392059
1158692923
770245865
490828939
877289646
2131843667
1279344721
1340452083
1874701951
235621673
133613043
1514002586
307729599
870748417
1715073861
1720871793
382467155
706918614
1301610294
1895782916
208598673
1224585207
120301201
1120173380
1912348058
1593549804
1522994091
1104098844
183077381
1784959963
1623033198
981674592
2035491490
1090975720
813547954
272082429
896699740
1939779181
919449960
2050637555
100336182
575547979
968536965
274726495
238360415
1066493250
1653534888
374986789
1685942425
1735098457
1119324186
524846382
1377804045
436418714
1232671693
738401642
8401081
1610531312
1315873996
1107653966
1951954366
1536837790
1846914061
1355989489
1018879659
275827635
1565351219
35778336
31071992
388443323
216642781
1130438602
493758805
727423627
184496618
2015756105
110841663
1047508092
397564138
1038841549
767863933
1259887108
733864736
1066033231
364446496
628897028
2105322709
70718544
1008112217
1843539936
481645436
1148977309
688678539
1830831290
1635796814
751404004
1643250868
1477638056
1161913284
1207762017
840788275
686140665
2126455912
921659610
533519459
1117321188
1220197348
1535482633
545626832
594992734
1359019906
411490650
1026011210
2024204707
372574775
1949412420
1764024308
1944797721
1514189507
1301827199
1246337957
646550461
306344207
1208785190
857387710
499970600
2049847136
1848149578
646487238
1391238893
750126115
1640606915
2137876572
1742647647
1297025343
2145922751
1683308339
413687995
1449566626
1811791614
1611025685
1034866419
529847080
1672673098
2055818856
1283116209
303341489
134227645
1106200165
1140241076
2035182151
186882441
1312093973
2001316815
95346744
469925746
1744643003
473235283
1533456540
852820133
1042115253
2101915886
794302852
1089683812
575286668
871650282
1840333387
276267568
369370562
1783295704
1569119596
1093864812
2125876964
1928698809
1522715045
709140016
2129491709
404692261
582120578
1912542361
564233031
1924250512
1922115011
390488056
222731960
392054999
788539197
856698342
1798664506
27053523
1569511544
1238883907
2067867284
1917582787
1526810580
823320057
1303060378
497540940
2016740809
1628376262
588238066
1649948121
221735936
