1400853358
1279165845
481566798
1974792090
970892245
1205211809
929115359
1288241376
542677378
415643237
2099064215
110908589
24849727
1037534171
269598357
2096574576
1217218856
868091470
9438572
1867773373
1898611812
509213511
629146082
1996205993
97107270
2141798817
1091826305
76944520
421392146
2084213663
1773267824
534264902
761079807
1055714717
887357105
1684418967
1900143615
484422768
582955999
921077579
1488742677
966201142
1818738627
257872591
442637291
521596629
446296549
1893203719
1957191281
1506838668
162844005
1025025757
494081665
1858764353
807867962
1445221000
1789299430
1542011069
747384687
662583106
1331552847
481614142
623019051
2098411032
2017763790
1641748753
2001395015
1409654144
1017604504
319134020
1418807581
240597579
11802952
803718740
428723550
749069165
1056317441
279921138
1645379436
745258433
1433854127
1872309502
827920623
1315361848
1089917118
201493316
2063934340
241102389
2053693681
2072521983
692213941
1120790588
1548344679
1969669254
770733473
96122007
614869105
413738371
148752411
410806569
266080078
946917892
1995186574
143601313
1883132010
185702584
809590197
326053587
1751853212
1396133714
1413004076
1485336806
1705785714
233807748
1859230273
48650814
1630445038
998417946
2120684411
556806418
1659217347
1390794734
1875080390
153595005
195905341
488635336
516626024
657200547
1061196908
684744421
134619474
1249219227
1827415117
54752025
1094283259
568781105
1054318938
1050819569
218983255
1812079474
6637764
2039233551
1706769184
1730602509
717853795
405603719
868609655
128639279
1671813271
489608349
1837669986
609643548
634631399
1846131991
1096640881
1538628413
1877143764
472983471
1596219550
1296258526
2142931314
798350561
400052271
2054703587
1866142949
265879408
1869224496
517832309
1603879719
1191700089
1470903901
1797603490
1521910434
70944821
516182462
1792188601
708184185
1097225621
628935358
602051372
1881948187
1764025893
1971436816
413376949
516783798
1161424518
1583006443
414384818
276168905
858625168
1970574383
950851047
1527729602
1236937282
1563195614
313747100
1075156315
1224780347
1252535534
1730012044
1531326775
1565081777
1949717583
450447908
798134081
1056640205
1409648392
920930640
1166622551
899517547
2054021196
1134615647
1977877416
1286358799
1114460444
384313174
1668188889
1851645838
1426070589
2050888803
28094024
1877342675
1668597001
120849634
1747752223
1190288295
1365202260
1239099272
1392539545
1135347809
1398422268
1222025508
49113048
809277288
1509442965
983590744
2028003449
1941005806
60499865
1061466024
912809739
2117592852
136581833
2018332235
458185633
1997059336
1554341189
1821281415
44837567
1965712119
835158585
557221303
42254954
1509408368
402118965
282407646
486446452
235274635
743396318
202058380
823546753
818172756
691718351
1381344046
1951157052
1021283274
2018679294
1996238952
651049183
754437216
1082837424
1472160490
1442258343
1388047112
792954023
2042234926
611271281
74652519
554436985
490862562
1442391407
1476970113
673213518
1755744630
227202983
374610915
1811079048
372347158
271337148
1255663855
620611916
296398733
1558928138
1604721966
314959889
2131148215
328301192
872644801
1375345044
2057661847
46011241
216814567
1870162257
1246395907
1620516111
1626666323
1914064351
374515197
202346622
1373062753
206419009
1098194358
1878112588
1723622910
1523333987
374279975
543937762
124080655
216947348
1954328877
643054874
1685555614
1676416921
553742607
1705353398
1557807324
2094553891
1615304413
2080487564
1425747694
918959832
255507200
1489700047
2024333203
384723400
2120406330
178066345
1316340144
352268814
2117025766
1342985666
1506958492
29242326
1849501566
1894513084
341368719
1455239096
512230789
1948413547
8351326
774299027
2040329616
800980816
1657075116
1893540316
1171926119
1989755396
1203589488
1580053723
180143659
1870018190
972545485
1073929078
2073444558
1165546437
2140622372
646668013
134557024
199622077
678791525
1016027811
1736942180
2042005589
1051771616
1187651655
866720
1682061158
927153398
525817554
520422673
42970880
657074768
1094712902
1347340065
1676898487
57487781
1976977764
1198293164
611565782
729363532
576225248
1613978813
1275964834
369266096
27535642
1082550989
953014739
1385679047
1795074861
1972915771
1647853517
1524948507
1739713851
1380839852
2067103082
1958541655
580254369
611938756
555486609
952023954
1913424728
361789671
1072795840
206982668
1981676583
714449158
1165928129
2113268875
477944392
1222556564
384636652
662432694
951062010
778417449
391687819
1059795878
759953328
1450334987
1840733059
551103931
306798806
259295995
743468202
1410212768
1816463484
674249836
1993272080
178955360
1225629720
495562016
969219846
1014489227
1647764656
31461680
495478598
1714697167
1832226676
1465729199
725732856
1832479479
1419621926
1042392112
312634158
1697292944
1377226707
1470517183
1740485005
1456723248
1834053336
2101632761
330788271
1870792261
1097454900
187460217
285356970
663611039
1428153602
552866295
2009563143
1252428032
2070709577
295877357
1386096294
217810602
1430653326
1763538270
218407996
733636049
1517458116
402763840
383403536
1412288552
196943173
751608584
786659634
1479137706
596727070
443234000
1960550204
2125682707
811305057
1230418196
1518583209
2132332715
908839869
1967980819
310493839
84689863
1748353127
552263588
469801182
1798579502
745874942
1058102655
219241778
1862108241
1174018756
653483456
865074234
838360648
687202969
653246417
1176127055
1727926397
837595998
720632301
2006797474
2014469383
2107225126
1979870005
416063770
577027758
69378854
2114262504
2145481466
709082285
1159206792
816907560
902405649
1202227629
166125980
350604760
2066557599
1380543462
1380643646
916952487
877798137
2088117316
809970738
279355233
724148689
977188474
1799233909
1007075156
1593524885
1104180458
1554763879
335497657
1564547824
1565504100
457765656
1380956838
1885803137
2129661133
1104717782
1995633759
1216988667
1294272241
971694024
1795809580
1436436122
170742880
637431768
1667293540
1835900724
938428172
1042383236
163455226
560398869
1907999188
1516535712
2079788988
422199097
614253591
806212808
1544335133
1153222689
1173819848
1605403994
1040386250
959849876
299709668
1371237861
1747713870
545689424
1646976478
1816939563
85775001
658914670
1953174758
573129664
1126106053
691051760
915367344
6103500
1649793091
1911114020
180425961
172216963
1790024632
845579201
1750339008
1716710850
1316458505
194078494
1997072512
1775790221
2126001988
1882493530
192187459
279218325
570619580
1888797205
911354481
1281391763
1385348625
536639601
2017940254
312611907
1323320387
1705095977
1526299871
829768482
160073356
1703368248
405645979
1578873475
1818551993
1416082247
1680549275
1286739581
1071812577
861150603
1465887488
1238612432
1800154253
1442911235
1623784721
727619771
1333605179
615419714
1077889246
2059995077
605902205
30905361
1882843400
1777485255
549667368
1932288229
1720554869
1498376428
1819380674
311338285
1392391903
801412362
320134150
1048123315
198864
1194823601
280678910
1496351558
2147128936
480823164
213953687
1031992331
1617173945
1289457183
1649392804
1625941352
466894989
198833985
318231163
1276875511
642628906
968762379
1915775946
1224004951
1105356844
1998930558
791714638
539244054
693825238
284571856
353101923
1086703200
2019748312
635871655
1216278113
89409398
1612682933
970946144
2111092302
403503980
2085518281
77662433
1749937702
1414411849
1523457500
302679319
1890038337
296223535
761858999
1266692779
1300143942
873124969
855594032
418395512
1111909906
467093948
1395254251
1664254964
158677773
1870124884
618267896
1702643886
1116195727
1631927144
138369724
2002645214
946912267
1900647199
358224468
1281971135
385435594
1205349006
1087501691
407601020
77509210
1322202388
94755960
1278037293
841346157
1472528851
1190850729
80612263
1935606631
1658362461
2055111261
127985279
1417453506
1104979171
2093831388
209614727
1121535609
1185010744
712232130
411560532
53034337
142388454
825963620
636267132
1420609111
454141231
594787979
65186268
368946306
1095276053
74800687
897212914
1974760011
431740492
2062689478
793543225
1207534705
1315322785
433385277
1789303562
1611457593
1851493234
1008738808
1637236638
1328205855
63294420
784911675
18478204
1325529460
178280242
616339729
1508195822
1497694813
1100895604
33313876
1560565712
1210140773
18351074
1336339197
1468903653
391690059
1097443558
2144318870
496684136
501337863
1407116260
1313061056
1075211620
6807835
602649554
1198174826
770142663
903796572
957150373
26319334
2114898903
2104021224
1818980266
24131970
1859094154
2055866075
2076725942
481192503
2126466966
1107444188
573699167
2107808386
1045302590
1984397670
1350601780
661967670
1725338230
287946169
1230605692
374861187
1722433258
856205646
2107857422
1869450642
23700837
1055492764
1451960328
1240551835
35962122
972479647
2114873459
1676383916
2146511219
836271780
2086820492
489086240
1652518611
474288426
2053761765
1069326124
2021007972
332140805
980511082
1807731743
2096250492
65306362
239882517
878657800
1504087828
1174116359
146413430
1901742195
1581953064
2037596788
2114980854
1333888034
1074396405
1337874859
1508971123
1643276838
1914115846
1239991662
1358552746
1149867118
611312873
773689263
381960656
784124509
1820964771
1165452800
566865313
1067857499
960147714
1010505640
1267611004
1700365988
1486269687
204847505
455730394
1534046756
35162210
413260545
707865417
34659139
548080836
1037248669
1913617184
1448914016
1580793579
1877485216
1916799941
1254419740
1185607581
5853354
1740556563
511914907
934352067
1254763205
515772895
1351046973
1701875480
1086497967
717880928
861628050
900404629
1930822841
714098870
1721088654
1879766335
1600861328
2001210080
448935246
1144627611
597748251
426353891
1724399645
1693017250
382598000
758546882
1434517182
131373005
372905919
1072498687
1655183138
159837128
2028051546
601888438
1291000096
1811327831
258675745
1056344687
737844660
1384622842
1223306602
105623436
1391596430
316799533
837790218
1837404194
437444698
1296515605
21207126
2093364927
959739288
588540799
295530711
2002467913
114498007
222655937
1261820085
1009154470
33333284
1886755968
964022574
1710768250
223428067
1354107113
1594040932
1187447799
869626222
34211672
1617437555
1424983159
954321969
1881457187
2101723481
1855519311
2103021890
55559257
1776529601
1667859766
615042871
1186739886
1856634313
1515507681
1981541147
585659953
1269275870
1764481439
1037863850
1515546016
478353845
1661782194
1548505323
374645668
247689072
1086925218
1456237544
113277149
1178532001
1345664526
1433401925
714601429
1577663179
804459944
1237296
1467881049
384653807
