1138325791
2057241861
1577241127
153482921
459593200
2031717788
2090875616
2071562251
1741867393
1068198247
244648409
1522109705
1272608871
1947654424
134672947
456291
1226431896
1092832166
1950064818
1991459259
1923127518
227824029
75112802
1847962425
1795974061
2053384642
1173470804
33988780
18775358
2024829444
135111299
925387414
909695524
1316588875
237723437
1098222239
199224908
446023083
1592027951
1715014484
722922554
1844373999
1614840395
724187979
1637535504
2056279423
433931190
227045118
2016341154
1353825618
1157921761
694228013
611560340
637899838
944211442
1605038011
1331760910
1831045336
938300642
1046470173
133128681
1963265040
509291125
1933604580
222146009
1281394777
1436004923
1513515875
717512410
1110396965
808898325
1582662765
1080639613
1040773012
1017707869
2056389575
137772207
550111583
808275146
1846311547
1966954926
248179364
737328274
1295657928
638615316
84348306
302771922
1298933311
2000886222
1448304781
2078799169
966180340
1469119413
1870484732
223782291
865098940
1253594390
198852013
621227759
2056937446
755905516
2138235407
1331136551
2074861858
1363787420
1082203509
1555369320
1921209956
211614200
366939968
1734491639
1657952295
1603902240
1570210536
101940569
1770676524
2079442389
1039360645
902375817
700841205
90328640
2029997698
1098610397
280545473
1401159546
2130300267
1109224685
433741188
1328648798
1065386480
231920674
207948613
1036445022
1291623937
1558805283
1687381628
153979514
215897163
1483738758
617196742
879627784
626739740
207521645
302844787
376091719
929148112
1838721047
1094956599
1148188250
311865808
1668536376
1249408906
720382776
2107998093
2086224492
1209532475
532104823
963854053
1025919450
481994387
571345825
1209895038
183250223
394948163
21822664
1701293858
2048595248
135020785
1551602263
885308720
1616950624
1831068430
1326441500
474550993
24274393
2105313868
2069611504
1167917269
1185006503
640953643
729904549
1079163379
1999511938
1973033710
1482570643
312040760
313987346
818003543
2142722754
1588049935
1428492629
1955925790
1712567901
405391366
1594560078
1322800033
1549440887
1066284287
288977394
1382535091
494213897
1933703930
1891921459
1881083931
123377183
1278595326
1630272200
241013327
556828647
2032820150
1290920927
480734448
870387522
2091962537
1012090675
2137490485
1696134379
1232577575
1304044063
1997949206
1478000750
815260401
1135891747
1950453646
2084040514
1010636228
1314919873
104094234
1460102180
641704991
472908503
336232374
1028034561
1670926612
619916065
1486132858
52646149
60563679
2133987922
810616507
395376581
779793049
2036560549
1878781157
75360211
1711198194
1007045934
1102390731
1539593248
913256433
1035244322
438811860
652087222
1020889513
1843189108
1027730181
850179246
1753884031
1168370295
209079897
722582387
422154524
2012598827
733561492
264378617
267750276
1100648267
171288211
1212875297
880339355
1848695302
1228535918
2095391568
661756223
319032148
1854128524
202901251
2104777768
1649313392
291263868
1156597963
2067475144
1769336748
1036663627
670750878
1168343443
1905261980
609437443
1465591958
566607016
1021627114
1355147233
1895468596
1368273374
1315704742
410485635
1314593281
1057513431
1053572245
1386052200
1624206391
1372176520
343886507
822029072
1080311953
1976242333
1722806229
682278302
1636230381
1595913632
449661994
474179365
220773538
1836594797
1866294848
671362254
706321640
2005686511
522383418
784957390
786810209
1862368084
1246232763
1026038550
336224440
894687823
337744867
678700648
1636141719
105771398
1730910117
1592854157
568673197
1388192829
1094535995
521547763
1772489334
335085354
1077422244
653543404
1872620270
1756031105
747021014
992781936
1885544809
2082909731
1332919170
1970568333
849168697
1949456164
351746069
1921185139
1941998528
1712792990
2040978542
970061863
133883417
1763211110
1162280817
942438207
1867048424
451812204
105536836
2083593877
2093942757
2081393510
1619596587
1204611984
1585274819
2031758251
623453610
812109557
1866747814
1841910875
1019304620
975696221
341257855
1739431495
930249854
1028346018
463133470
1403493562
555917886
1758045552
244093391
783856767
1615992271
756415088
2112677423
1274828863
604354322
1932923191
1654942968
418267232
1103391593
1181211706
1286309874
292177969
1487507941
1688829660
868733221
57929394
809232867
762859218
897504336
430238624
443114119
2093193884
232503234
1409099945
293116499
81512475
2033084186
1433606685
2008519102
885100121
258510878
432908665
221336619
562878929
640694668
672279018
1081988659
91869017
1826526
633651424
408077695
1646534994
839368916
453294069
1388921774
461012728
119921120
1174602954
1882164654
1107219468
1091797421
1738974779
1844158630
142617259
376521961
1717774465
2012766634
1406410094
181947329
2119528822
462174918
325495627
964154080
1773505945
241397255
567055602
2118561075
1377120265
1829030136
1428572594
1152413898
465371393
361559777
1503934676
747574342
1702631044
900360233
1184659269
1247442746
2034870008
1383145981
24023892
42627208
1323430405
1406684856
504904969
1229924686
1814095227
1673143730
1375796292
1051852395
397820661
1055256316
1772946086
1569265277
1394841732
1173499072
509089056
684914544
846393088
396952288
1492896834
2065641137
1009952157
555156811
1851559909
2129345533
95395876
1295687270
1131766310
1333710691
241276251
680825021
833256731
805015830
754078710
1499878023
1286884075
1352839588
1765584727
253472443
1651277500
1089772319
2062823817
903895151
466483979
1880923503
1722031081
539267748
1092050296
1694077610
1024199344
1636943903
703176004
676589787
518639244
133650735
8383
140893081
1463033373
514141861
1855545946
403192688
1148600931
805344434
1981958844
1163442491
1139340302
1928259062
574338157
2109895081
1756647103
362681165
1023749969
526749219
1146530799
372374262
726874076
1685611196
463099948
840089308
1823504178
895593309
523862540
2022240727
1723701267
692796439
173416239
471419894
1086984675
308047696
1922037402
1233597240
1261684542
878566916
2124084087
1860586128
1361669329
1990670071
1544146684
133443993
820262883
1460744488
699557312
2134259106
1073438701
274129260
938050005
1128981408
1772503011
564954693
1168321864
1542583727
1782113105
1020531026
113065393
1914516203
1526340820
1517998325
892121915
162202051
973123114
44721446
14066472
191993734
1318249544
231299909
512169493
918211675
566134383
1668018871
1141636959
1873467615
964972991
504557593
1834027195
1662280974
1341566195
1272229512
2014218652
40672856
688891046
1107469145
993151466
1653784578
276559325
977963167
1934597278
1874035766
1923952260
1204360941
1660962412
655331131
1854176901
1015973490
823969133
1474662475
543447298
470786795
1183908017
1506052264
1978137506
1362724135
391441690
1218073069
192463832
629252042
1629592066
1694903071
2012820489
164067432
112326876
239679219
1756795608
711121053
1065042216
888326567
798297625
1657840566
1873556584
312791327
43865033
652718710
896890094
844091565
369960873
967234446
2005609779
1380232341
446600293
555778186
1557591299
611305363
647468693
706683902
1651773004
827773459
989460147
1890811908
412729450
371686340
2049870904
100134707
1484324948
1879357484
1171753512
1236233194
467006833
2078596093
1848049302
1108632153
1212474099
579855510
350766484
489685573
988090107
339386098
345582654
1411884290
1992446327
1332910218
1820112069
1866475815
1565390976
703974235
1207556322
1678639704
1404834489
1618041505
838152574
1485070545
1525704381
1558786287
1368115856
815783363
1335379493
371544054
1805953749
130792745
1357894334
821354869
486400367
1608207687
917414267
49000009
1056914462
1724118497
1262730108
1271525502
919340817
216271154
1326954554
507514983
2146757044
672885261
533696525
1945785803
941014505
1561209027
1284917743
516952369
1847113668
415817044
725271170
515373818
1086210775
186012278
1719649961
1321973201
537777345
1812650839
1019634731
81420857
493260460
941673800
1904561857
1727372064
110855855
1286033036
2081812644
74047137
1117199946
1329966701
1740545731
329861483
1326651874
1862823164
304827735
1491244050
57104213
1972801329
1871910470
563840740
1773466616
1727878399
30893612
1685377957
838019369
1393777757
471140423
684882872
314081784
257739362
350941135
1277561283
1430980675
822841972
1857820371
2122231664
791683825
21369963
535199092
1429625608
1670551020
749792262
324506838
1525446533
1520102245
1892967003
126189116
1294113023
443200745
1401633419
1504749190
1552209258
349655450
1143889958
1084916162
2049771704
580363954
306250204
1776360416
971851118
141121144
1001120920
304928195
1032191623
671707295
62974786
1855273978
127193806
1000068677
1947232917
1640339386
1936483963
1371295856
574952188
1692495863
209581279
559375073
1880928992
1814284704
562716375
56133237
685993226
1795932286
1351272217
1192584094
1295990407
1931622575
1270326326
92142608
305103169
1825495994
12306469
676394371
1529249826
1017538286
1353691741
1055334669
942341310
238500545
1274174513
344112107
318720978
919261628
1032825278
584128645
1302386078
2049482722
18410774
192233450
1052189062
1761215636
1984087651
435079741
203388952
1711633887
1887287244
1303243718
1431452673
165777770
940690231
406103203
673502655
172819248
1175210392
1353956885
1216642583
1920089394
705681489
1984086889
422272807
1853097561
55375286
832012651
1370599740
1760232458
492200534
307366694
1213855023
166725061
1829424539
1614852874
933922532
478019401
335749180
1496927591
1091097332
709997191
1503646405
197570939
565053511
681672343
41812056
508072623
781594289
97746524
838913
1214708909
1633085181
274144760
1198558505
776184675
1520160847
730407170
936779938
1257801809
45982795
1886206292
315552630
1355927967
2132363052
1418713828
812374555
2025601906
232978251
802776076
1765238878
883239241
1194955423
348727617
582186256
868908860
862410420
1164795337
254302907
576500419
1943810516
2102104248
1812619339
490214231
1283310525
1421726854
2060178656
1543830811
1267017423
313984709
773683484
284833003
447232258
439795706
7717768
863507956
283730066
1237522922
668628859
2010792109
432823124
931132679
833600264
136324020
1980236438
132252260
118159175
1626364397
1134561363
1065526228
433181663
514646711
1750625308
86104009
1893584832
1920106531
993703048
186805017
10828805
1611099287
124411586
1483937371
1807801786
1125979546
712332258
2094411828
1375135219
678616719
225547016
460060957
1303375099
1492089493
1381562832
1333326060
219233975
1730963220
337872631
678546549
1193683473
445900437
1678200276
461819034
786604180
547122328
2107473889
1865862452
1994017270
1965945455
461869443
1633828243
2025369559
622889516
2068799934
412762161
921460117
1475607902
