1907340708
1186880587
2073912373
438178554
745531515
1728576007
1018173033
1284466335
1520072701
1396420995
1946368549
2145291939
1818669290
1240009279
1654641665
1796718652
1682823697
858244489
2014953371
1651676854
1359264056
219952406
920731155
2108845450
1295368062
61804748
1517798135
1822495879
1128981192
1768872699
1827326672
715740557
1395634652
1615203630
386627683
1913436006
551339017
2110405561
1746349875
1243345576
1893210522
2071529302
1188093550
985345044
1447752491
1386395727
955413739
903482754
2125262188
186093165
931634123
671434984
1928694750
1454495432
898371823
2125190751
1132935153
1651102169
290467849
662808512
824984195
1354940333
565583943
1006708379
1871554787
1028327500
151901444
1796996672
2060538543
1150000679
708588953
1457710456
1246189016
290782721
1659894922
2041379524
1266915396
746700567
2049480148
2122633203
1097898857
1206594575
546943404
1247781868
1292042521
4011983
857405224
794328398
1519035434
1142943702
213577099
1145128756
430557678
1510487403
1357591034
18759063
1750959379
1405868012
1808593390
1545566092
367114132
366698693
1974350008
2130754659
156256441
1976987253
1357774787
959612087
598157239
857764266
386296351
639706376
1241924550
1632346657
746673774
1599170197
1495658774
1240926483
2037703764
1765442839
16244474
290451349
385493012
22889685
307362982
1151467439
1738104156
96499751
521161572
1724228138
957982748
1131144077
1613258895
2061204890
1611876473
301674806
39573875
1545670202
2116890902
1223810065
2124875136
123361142
1008994239
1635298161
960477621
112801648
1776721282
594475039
1248054629
1581369354
817117406
134320077
512221142
1786276418
126372266
77347779
756515218
1648078686
1014396596
90915439
1154910256
1619471006
1241455764
195911296
588721021
1177038218
2009457409
1622840341
2035294287
2071552193
1572822587
1053008786
505931375
1300861152
42371557
1321671342
1906884073
2102150730
446358666
789720491
1383353777
1368967617
98944961
815616749
682581642
292014820
892946345
1133495179
326040916
1538891715
2007493184
822365471
291719005
216150934
1453900661
1639473861
274507170
847132434
2085722275
1358705944
1577182257
1311538478
1255046938
989506132
516198156
2055957659
1468494583
2106385157
747412904
1136826225
476356216
299886296
44857363
150939844
667771001
477674585
982877609
779761739
1510333379
916393313
69695307
990437134
1131163241
1935348243
1610602639
367183238
1528163235
2082556172
1833103998
1178494524
715788587
55391215
1099731354
1940600596
1840069983
144203834
1272284222
786245975
969221834
1047901543
567844154
339369010
58384638
2018067834
309365320
445023853
1977838517
632583306
1783571292
1905959818
1600582474
1609478196
796022560
2075528757
1834940678
1982804226
339392236
448744020
78175876
1789439615
1750616717
2089198719
1805241783
1049682065
428306350
179639706
1990014707
1266862171
1999631639
1837364770
1922329177
1842492371
55089657
326413342
1355804556
58194375
967801240
794298302
1013211962
1655608271
862596518
2145060776
80996396
1949279021
1669470962
1924610279
1526268039
294768058
2069460824
782922156
940370723
1478583188
2014361279
290321198
345528802
506793726
762008880
1638259099
1332838706
618209885
727653009
1892236245
729241292
669221215
1229101166
858096469
1674664878
1171926964
2003957311
1524490076
477314975
1381363280
126939243
1016595630
542857878
1301823090
1177277994
1744405347
773918185
2081969063
555497623
1137136252
1392012711
870783359
154860408
2136180739
1158069827
1035289628
1200269802
1620665943
1997409100
990373796
66641475
1204290238
472657091
405718184
644939263
1144226832
304306539
1321437466
123613788
960248267
553016264
235124832
373140944
727596568
943632358
462307811
411544631
1933269877
1039243629
1083171552
645398845
278486918
1162764013
473578791
864344555
1459547577
2057910605
2079403300
382391822
1588280530
1009135500
1861988141
1302981703
1322733862
437304890
1094246196
2093346911
656944376
1050698205
326702154
1914900546
1543542680
719367000
68236390
92739232
1742628149
969322457
591588657
2128756236
928499432
1673774522
1240099201
1018477072
2099482514
698808941
293805944
931596355
36668208
2102248814
2094856454
258029813
937583798
1883374947
2121261096
1659216625
1378660080
1938897077
1126313561
2031155069
1223191971
326503866
729757777
759850022
1861554692
460455301
1488663766
1787427612
147137001
1177898110
1429276724
101824926
1974548270
1167976799
38043566
1595570603
1126824532
2029110078
1212766586
1200717225
550569716
2065665536
1420026150
1393733939
1882174944
1280163498
69251593
2122870524
791585610
518154105
569854150
1909117077
977543312
1320545234
160256093
479661713
20799553
1685736457
420877928
2031686325
1562076975
840134250
431360725
2122396450
1413758480
1279702952
918789559
1688696183
772868929
1626992647
956140878
239606045
526960190
397353102
1786926791
319773042
1421432100
1401215472
922764902
1930292927
397768860
184636909
78659648
1330261031
244899100
1440506048
2001996105
774755539
1122992212
2043817248
1435553371
366732352
392573174
907571834
2130953044
1343029489
96008006
846337945
1617647534
659132918
1326301600
270735340
1878495034
1708941891
1740067059
874755767
347128607
1624912597
356478880
2008644677
848155499
2100506554
729980045
200541004
1090812085
210818156
2020213989
2020054053
1479493348
131551223
1220732198
1934771995
515537091
1682856439
1408539283
1607488500
1714940240
1622587293
2077283845
1267933636
680391071
2129793669
1184766687
905333425
1017234980
550995093
625042187
1741519432
1662468661
201054310
1128011439
502619557
1473710848
1729321485
662519897
269199184
1830124906
501019161
345659040
548220145
1231131385
620248850
636799412
1776704483
312134246
1885206548
692724398
1110106799
227045657
2025400127
1136645892
1740466779
1150398866
958466921
678705100
1710966483
1407646451
1634046605
1400412399
310418873
972219948
2045079660
1178075385
113770355
877910655
1831723695
1602062120
708084754
1573572451
771071152
1476525666
1793327377
520239594
1260929421
1072150151
92305880
901732026
618064103
424978582
84417752
1469950844
811960020
1500963102
196454005
1120096596
621839370
1598865288
666020505
1121859371
184027737
577724079
1035027666
1092441762
1830995731
104589407
1192540203
558314370
1233562847
683641391
923347087
977657987
1100404312
366103820
566254085
1532366738
1863870742
731602005
1691018960
1157076322
1517320269
233452958
191242037
1569379947
1174616775
2114454201
1072365651
1566730733
1746433664
504103652
647091749
813837035
835699502
1058478734
97550590
1002743469
1805305474
2120136702
2088879490
734927274
1744240221
146129150
1418815529
374179615
1004670889
1987198709
1183024019
1681083407
1673961517
87956872
822398568
847980284
1303151696
2032322566
1517961227
268615829
615612009
14824017
39150667
875264287
303889659
757386247
1255077560
1504170086
409142918
222385132
1005367744
814338812
679130953
278343266
895888496
1190103155
401037927
1440754803
1887854096
92907047
268127560
999209514
392182258
779897563
1645643700
891776187
794002496
336567814
223323700
1747494591
1155234565
627681428
1002086332
1498222150
1373913975
1628005281
795611340
1606605158
1900996775
1938581006
109075558
1429352415
1373963563
313947150
142429371
1513655639
919042311
1641731753
1715676015
1103855836
393809219
206943679
1326388460
1730591360
530472552
1447562767
345188106
1223166995
2054215881
111719148
763012958
1333928869
1760710250
2079999737
1816773893
1596326605
948048264
1665995955
1502226099
2096291761
758914445
1169697582
1041956036
1573439414
682601940
633163306
794213057
1727982894
1787141077
1773794197
791081325
632570698
1571668636
985907152
157683412
190285086
518290019
706677101
1537468597
1711469075
1264775607
1290488843
1808633248
67975851
8827553
188311628
1710119765
61758907
747348448
53514233
1765549585
1810324496
575493576
54185744
166733080
1964199872
1188627020
1361440746
296359237
895118866
1139833627
1629637749
315213605
2100385733
846825145
1216083346
1110927723
1139413443
1010056202
156357479
1527649272
2034314619
638657646
795788616
291115596
812074106
1270922857
1528104537
1096018886
1822176683
59221314
1047695837
1405510706
98318742
1028172251
1837598795
1560620058
2123533995
1205124472
1608726047
1039556199
2041568248
143832370
1471539715
1746311153
592544922
1020832915
891946522
1509339194
1386995194
293237373
2113041793
956344512
1514599036
1742330161
256005435
1273601104
1444245279
422742112
1150772108
789094274
1595942893
941451621
317883051
1868608068
894945148
367638848
595665917
1935788352
417580014
290736902
889814989
44402415
1094563396
982076370
198239748
1068308139
2091603253
1416055428
1229802342
1905343266
1975611245
1853528448
854842154
666483848
319330584
427491435
1515748830
1739565096
1028198214
126475289
1808855340
1653192448
1062048650
2115070333
690277940
794676486
926899509
553672425
525804524
301427463
177447368
1650611940
641123634
1439459639
1594869218
76065072
672895139
699716071
507554325
660494391
586258194
586494122
256768724
1217297445
41453146
918323194
292950569
1587694259
1893097038
164203714
255334803
739707315
478010722
189881227
173082747
1308870791
1516388116
1746626663
1600354198
2067810758
967550305
871801051
79340676
2038880392
66193165
111995009
1104441491
1646978216
1846150129
1401486247
1178713033
93302056
464592882
162027282
183264178
629489848
1331430214
568004958
894518191
1781707137
639877791
1975412808
665881436
932010335
551979127
2131316096
1002393512
218545469
896661113
1290575192
1112417244
403989126
1649432515
145880482
1534419747
2009054653
1296171190
675075162
832140633
1374109567
620352731
235243732
224009597
390463588
1958981931
1537522160
464218769
316761032
190703911
1115030853
1381242649
246977673
2015344107
1776325865
391152461
651968560
1174020926
689954646
1803525169
115837978
1268712064
878528585
1479854970
1914364883
1130589227
877829533
468306241
295426232
246489360
250718457
462191385
602256496
1034499961
813238415
1512111397
734770781
1261546017
697860888
1539748349
1372555293
267473377
741774068
854190041
443838892
1389551813
312659966
2131048000
791471334
745001020
1402481130
719842438
1616471915
227857208
632752255
328129841
140232191
1092873378
495231255
1852570660
1937168414
2137445578
941382430
1302473561
1372325856
706293012
1524535715
1244369648
1924919450
280054095
1732504088
465437343
1469981427
1325968501
1114791388
1651521688
898872741
1954184989
372212905
162430624
519782231
16480421
2108528931
270600523
1760109362
570809709
789328014
1229443779
173942219
721631166
1614852353
925166085
1484786315
1043618065
