1625538587
140074575
591304913
1654838122
803604157
650410716
761140582
2077160142
1336340962
1498568008
744298440
331637305
1108121170
1214317406
1495545201
1479588719
1734451620
985352962
1580830317
347457135
704031752
26760894
946263235
1729784610
2003810831
1210084363
1217751851
1236203847
2121255451
1564341110
238745549
1096989447
954526234
1019571748
1170349223
1256668088
318886771
1558260932
1128408959
741287256
1262275345
70774702
1951959723
1626872889
1090851819
878627494
994734886
349037107
1488817392
74452500
1487684946
368785401
538429365
2033732744
1596502756
1761134474
619997917
714335775
1407783695
1793222866
911206864
947876491
926490791
126799940
822813756
1383594059
1112419897
448578097
1584475309
1479295563
1102346022
788169085
1078676899
265693519
892471720
1746407392
62550148
1160834053
248995776
1573862876
1357276833
1180433797
1096895193
1517882903
1099708008
1548224374
2095186766
1514616303
2032536630
820767581
1353269186
395903725
1049567669
653136425
1474975158
1503743185
1824152399
1052825421
1719083114
384910260
965995056
502534872
50410053
1133203853
1872175775
727854581
985089555
1448716162
402945048
1281482745
766999452
1762940470
908601631
111398400
1814652263
297829547
1984298919
1838377370
1761228201
47783959
2093598582
591811579
1580438996
212976029
1780363501
1679707656
26550930
1712365581
1299966420
36996362
1175082151
1346094045
62393170
669988454
1239185157
688525093
1399348015
1748669808
1579753861
1582813966
1474391173
278641878
1619693086
678987030
6913052
223548026
1222774379
1897969710
454823432
1323121951
517465772
1885943301
190430187
809518879
1274895608
1726137537
836997036
1391296202
1713318478
135437123
2106544088
1271082574
2064984509
711423596
1854915123
538368762
1015178123
341137846
1869923879
1534944155
85361674
154578722
1696851431
399168657
88704971
510796579
1465966194
413940527
1398904656
739586036
587158216
680778347
48806813
2104836584
490350257
1422015860
475051557
1994802600
132601236
1688431513
619527533
1398526475
825948910
389036162
1590553266
552303806
1145745108
52167507
605962173
1038787537
2007567896
2078050055
1260723224
1901564466
742345408
1866766833
14079561
411980557
669943571
484836576
1095376114
1756525914
473341289
1167615735
412091859
393112638
1384408694
1919088460
1062852927
600168343
298650842
755418455
394652121
1488695711
176843580
92681612
774208809
524035690
637405483
1225521545
824948438
753972434
1861180938
621222764
1972986481
688792840
1604404550
1422600118
1704741175
2005593598
1108278274
1707280687
1737498842
660405588
1241229820
693437782
215049805
127094734
1482449220
418768046
930637903
1107834620
693238850
1166566975
2112935362
1315042342
14947070
2107302438
1131769142
1381308115
1347264735
410827177
612438734
368682267
952539874
1994557580
309517390
853380696
1873563006
420725881
1623716043
1720832272
1865721355
1770083638
704741975
1226060620
1295247375
180901986
1730318197
234389305
896040537
1597972595
694914783
1416685495
1081920176
1088358883
1929525082
377499827
972899151
575542599
878115305
976308951
2049476377
2059254006
1035623790
374079595
1471118396
1107653661
1946828231
1281232725
859880606
1595884379
2105490470
742794024
816721357
2067859122
1780404053
213781473
285075280
224214503
1686835083
1705615934
1675282582
816259857
753879563
300298041
522604637
208017829
52274687
259852786
1511519951
1531756094
190711622
1244629630
1999469630
1261963154
1266231506
2137463219
1237874717
138796483
585249139
807175913
551371692
512090639
1740396144
2110720068
589818083
288006429
95911865
1377979805
1242933387
1408000940
1149492287
753979197
1974846679
1888369568
166510363
368478900
1829517999
1038151447
2054221501
206174488
1283497205
264290320
931226244
258663572
851753076
287957430
1419869319
905358969
1446552988
553701629
1016636152
1223911132
1676024558
401748607
500251681
331524562
1360733216
1289804409
1042769245
208657548
66613685
737223708
1685700813
1969292867
887248105
1999939614
571049654
527116335
874198470
1718056163
304813979
1260046958
1272980039
1743424059
1461279945
1109048523
1767953748
1414902744
1183995177
823466737
1620827491
417579042
274400498
1201779777
1229012004
1507034382
1304725556
566900175
1653783133
252273210
823121292
109900670
264624270
101472953
353905353
1705049328
742270128
601535873
1807891082
479293771
279249300
1091216405
563773455
642607621
611025384
236828934
1096695847
314958328
2104912488
1766068785
1946584308
1476586158
662532774
485622923
1426608261
350123872
426723924
1501093335
237796389
176842856
80513344
273074998
398937747
502767895
1819343967
1841887383
624474576
791615943
1027960836
431830537
1428592146
1481024362
93499757
1639869942
488989596
28222903
1895928381
505945281
1534579294
395593788
135423804
1882691655
1374590687
116601983
1224442217
2012035565
2004235293
1901566256
772429938
691321851
1159819487
377054190
2073012680
349423832
1546053526
2116966429
345708707
1382973414
1418657617
2015119925
155982638
1670147526
410719545
950951357
1066156125
282442307
1068993879
731933551
820861641
786651959
1350143981
1557674465
2009076325
1660412494
2793893
1859803064
1085614563
902895429
844025501
1407106872
1155276940
1339878053
816914329
1016172232
2016742280
1653099359
1644985474
566390040
1669878776
188805589
1422187704
1215750018
1951134968
650117486
127791266
304160662
1017166374
1545417698
20539821
1615388027
1338304415
138584227
1312829841
1484148409
1059750158
2139020935
1648603765
1249464761
1659137761
53192832
658730272
1001481219
2065506194
889448803
332365254
457858131
787700516
1793372304
1275327683
398087474
1244615113
1755482411
115055544
1003245708
1656501759
847063805
932274672
699723792
637321172
1955990215
647875229
1096883513
1321577143
323681480
538556509
2023158305
2113049184
1080565049
1935059511
1052851209
5018383
592100848
2147215785
1940494307
53670760
101331580
125332989
1937572063
331639733
1148928566
2016938585
657430200
626007585
787094442
197021174
2062571391
956338663
1416294893
959523303
1253448198
2036770363
1110157761
1083563991
798670177
1476871089
1156400797
901189829
95293712
1726100569
215675860
2059266531
1246131465
1471006711
1378047513
233418096
1752800050
129770804
1362001123
1124680888
360623722
804043820
1597375816
1402268365
1438868377
247463372
1588552612
1287050380
2000444076
459607900
131297041
1243662618
779284475
2078891919
377545943
1747970763
568322781
1941202058
1211423582
103685467
1032406152
2129812551
1502116461
253605895
1746721617
1048762429
4369627
425876991
151592286
895945460
13456
226154992
2088379001
913143239
1280276411
1966980384
676051970
69483513
1725782670
1315198308
488783985
867486120
572739357
1008667245
434477297
815530879
1386848199
2117659702
1260129783
517536167
921588419
1484495969
458740137
579189829
2047567799
46554618
759417218
1029868805
286810815
1476063837
473818315
595057129
293823024
1218659915
1465649966
1541547472
1545644496
1684850160
557269778
856974279
2141370371
333385324
422305445
254160780
335255577
1790876558
131513954
594352115
1329554608
1256949621
755644608
2048121945
770151852
1058236095
314484211
578879010
1118600160
1241043282
1853260910
653298282
2047822110
25792301
1846989860
482459635
1948318020
550312684
2040696006
516446605
1936672708
248565777
789320624
1105240049
35956993
886276544
703299416
603291624
1252027081
1774377061
1997341985
2009855638
1873424203
235347507
1968156022
1107647013
1835095295
286484851
292554183
1368085698
308917857
1514447800
1347990356
1868921089
1860921801
560874499
1311978010
52326674
1133598295
2059111528
788479691
2004064647
1181002581
2066513293
635892520
1566956168
1240352415
979277476
401868524
368213053
1656394764
1196282487
1177855795
718088519
55642693
1031354806
1639709505
2087492231
1041585378
1786241349
1684451230
294904209
62783387
785914632
1842790974
778742984
1567987270
1390214553
713912911
743159388
514943164
290659938
1743764688
743780607
218352662
1951121158
418012816
1122389175
498508977
1106669492
438285377
393422029
141892290
1076869860
2107043751
1078984027
1132626521
758891439
783035740
701893364
594095777
1316249136
970181005
2136303011
1065611684
1869440655
2003332975
1768693159
957281539
83342649
580563899
1519242172
322621974
2058791990
1860455466
1313116742
2011126222
1753293021
1972683460
2038369834
75179447
820581293
369810417
586004101
610920365
619258248
1167620774
496782332
4234388
300398765
67989258
234159002
1320305310
422820719
324436310
340082437
1311533992
1179650736
820890848
1277534008
972569750
1481750933
1567560319
656900037
305492632
1928749694
230455593
1354136010
2079712811
1289375905
283353458
1350323207
274958553
1991075574
1916984664
64091907
1303373802
1470290814
83384869
1290155439
500079514
1732881087
359208595
642324448
146704067
344027313
1041071867
1745596560
1467282253
1058107670
303528883
1136274956
1948596368
933540226
495053400
1010845322
534195437
1741065199
470625571
621699896
1402209417
448129341
484684158
681170435
196178888
791172471
16977873
1879270107
1850691920
425956292
1484404193
1063744552
553324189
1115453013
2034034828
231177603
604056198
1217320417
427543550
244161988
1936766546
1825701043
1311081365
14799688
1777736811
482601766
42146443
1833147638
1911952004
1379521167
1378800757
8288122
1859513046
506249331
202296703
534074120
1849574027
964881464
1113746951
1277538205
1043108729
1619397842
11788416
559412188
357237150
1867986685
1188779302
1773360673
2094778045
1087693397
1482120115
1329951252
1480894388
56510386
582285528
389889717
903866622
2134480723
503188326
295593196
905169661
412337079
219557884
732450842
925036890
1460889597
990920628
667312311
1358406343
836755544
1627507452
1018533925
907527238
1381428072
1215898387
149805457
929481515
999774327
1295059761
1322640782
1020392977
2087843144
496929228
325631813
1105548535
925713901
2101995239
2127988723
913810323
1754538964
1438410991
1150111458
422967959
651615343
1679953748
2015135527
418205452
65055133
312444008
648925541
1569608121
714569899
1047738469
2122026730
1642325381
955363576
60393213
1416449507
1410637154
359184398
235645469
533552415
1671212680
1132893647
953510827
1133495475
331015788
1399703186
1275577864
307912247
1793029706
1959734038
1293282627
1519120702
428559331
136524079
1047660757
815921146
1503614727
1812642440
878472738
541234441
1934004842
506898502
375495465
1645325369
1984038011
1748263908
1200243502
1178641843
1044295373
88487080
1143669836
1680293002
1274526564
1966065970
339881401
80205587
1543054040
1096729108
873975955
