347655258
1886401366
1446677701
502269373
2030619301
808473783
889836312
402778076
622667988
493062485
1909275269
1488792609
1805408266
1700278199
10799964
1126368600
808711895
596817402
1961443924
2114049218
708267311
346840656
1080287434
1564151500
1346937573
1354666384
256290394
1767939723
1179184569
1575956667
40400171
400841545
287646176
483590635
1629682197
1062251141
1223369276
1158985354
1390166388
2051887403
1779178695
1094026037
540618245
167533258
380405989
424640004
836388247
1896797714
84439483
1835183761
1773332913
1628215725
37576354
185589460
1055798776
152653071
1544689779
671307070
1926327799
327855621
1973867592
465239888
298838889
1768440737
1009792279
15570912
1854796697
695466627
2101593015
1810260896
1654052023
476540146
1243714159
1645534062
1196573968
1781809668
215632661
1333220938
599932168
624224911
890463582
207886731
2143877895
1675151899
767354323
1284806426
793531197
1005380109
1022157367
1677174816
406781990
1344457529
474756169
1325183778
810853809
88744001
1166773789
1293890966
1006056040
1645111449
536168218
537857114
1005844775
241864241
1973238363
627206320
1606880764
90655876
1087402209
883090693
845792834
1045901545
1313616120
1814237680
1919867654
1273864603
1577905678
585173343
1680756188
469359078
810588515
2072398684
767411295
94851183
730966607
1749303009
1484544833
1279997385
1572357696
1829520337
1077446213
1056390387
1505924560
1979300025
1573828145
773552916
237860274
1250558051
706709968
2089864266
106188330
148351653
117717804
650692941
1209528863
471397939
717986990
496728437
1245904770
1955911140
1466345351
343981285
267479271
840834526
1463481222
1598689063
1999174224
592041806
1154896891
1394845451
1236004305
915036704
891487961
244755408
1172958251
9445097
1977439048
361158764
1206560126
2115442708
506333624
1619009154
2069043788
216249045
955368591
144680318
690616222
37731119
639241168
2013108282
706037089
1518205148
73228782
248009343
27268974
895629207
1127200226
1900948195
1122096946
2029467115
771036504
894196730
673879404
62388750
595701514
386583484
1170583413
897732124
2111187893
2010101917
1717668062
224451413
1373614159
883965063
508943895
392677264
509528817
1633526730
1252807862
2012061446
291733613
461667590
388768519
1387244659
191028334
125157273
1131796898
1847803207
1267480782
1659208481
1241783872
1415455158
1878482687
1501425862
1531610384
2036730946
447676242
1459383853
1453684984
162074169
971293987
1514838662
1474757049
2132952516
588417041
363013652
169408037
1825045584
1032200187
815642443
1114420700
1863819413
2016399149
181063936
157244553
1404316461
1501479497
285570182
2099581476
214579628
814764483
1390932509
2043181168
1482375046
1319609275
1609462356
529799680
876021298
142071654
1943956961
268438069
1922966983
1824679578
1323188286
1632358117
939281994
360184061
2004595981
1521198531
990892982
202665989
298212981
1986223216
1967782344
1269691808
165216817
102687748
1443612095
518236859
1960700628
358891581
1756721091
1606197481
1491620377
2087064808
300337958
1193489656
1483385412
1120961461
125239896
372958012
1948025738
2080380051
1766260350
871249969
1554723737
1808314710
1156758626
472770891
170871137
645563520
898695996
1131115421
1131637503
1316335089
267309429
133783679
86914544
483861048
1879546194
48435188
153902503
1069056933
1791682129
785843869
653477233
760484273
1783993014
403906884
267191221
294545470
475907955
1355898257
1633027082
1445158514
739097228
961696748
1275316314
207008691
271561497
731330204
1417826847
937270417
911347774
1168667214
904430236
869722986
1660524220
1880572775
122312879
570707174
1213505916
741734653
191742136
1384609252
994899472
967750362
2086675403
198059064
179035798
430067539
1862655818
1787210807
798262660
1070183811
1403767852
870942622
684110002
209357576
1094566046
1026614920
1433340442
1828740295
852182201
1057810364
1749157882
1192878991
1957356992
2144459798
717777385
1268864496
1292969562
552404541
691314606
1038052772
395790776
1298717473
520780603
1763733096
1345364931
693076054
577938250
339632369
189692057
1288669851
1301605762
1819613592
2078507464
358461699
974145258
44026478
1218641178
1150737207
202513167
2024700921
122508885
1717496369
1633774456
1121371450
573474078
472221210
1669800805
1025830639
1136831557
565971140
1071877417
1950916483
1273007385
55544634
1530760840
643346820
149841095
1528449381
449361053
1858714919
2124514371
502434728
514773492
1733949928
1143350106
601558186
35422026
485020763
2043523376
791413961
1928216656
2009104162
2128268953
1328668639
1398854167
2038501060
133211182
1202375700
507271630
204206820
425155834
916008469
44073140
2002889412
756180759
321793567
1020657423
89936125
1875449034
2054427419
1519554667
1279758145
1846418310
1613837020
1040333530
73784836
1003674333
270467546
1672648570
1643576760
512453959
1404264443
627212971
1718664121
1932829497
80227910
1918236701
1779724943
1684881585
1085429753
2091761053
1920716381
506033763
874212621
1955892020
1144995511
338592610
2041815367
2194109
369167964
525714765
940331597
820992506
838616367
690104908
34011309
397420261
768184457
204483035
772534045
293564553
1169505112
2102080040
1405755483
2064802134
1941214265
1416586631
1567796575
332687335
1576106204
406184883
2046298415
186854200
837447486
372074764
2135662131
1031759759
2003303635
1275575779
272869652
1242654819
1021075858
680122229
1906333469
1438083890
2094975892
117940632
100795843
1858619465
520218993
914688414
1480228872
1756084856
1650414071
1610506645
901295727
1875121398
842816461
414124415
194542978
1213720512
53482331
1229372671
1126313710
2033659312
362331132
1583196279
1457474823
1580872479
1056073869
481173828
1812596241
102006145
725328709
1482431791
125838843
1849525653
151859646
1094497686
2025172047
1598272626
1442568506
158505712
1125779304
1641832258
1257379903
1544943241
636275610
1563098857
835035848
641864191
1001099256
2088304994
1816791237
1887827213
1788568113
2135668132
1132618566
625191754
2107808354
1044764766
1535124290
965406972
1356025319
1621074469
273570994
145207931
968273325
138696309
1049108368
1523599106
535167714
902255562
827199067
2073072038
1347053738
1159567892
443464319
1536554343
1377987626
1374380934
886250606
267359450
974486626
1486431160
771240569
28949891
1229513815
1351037271
1538813966
700765741
969488839
1240487284
1098537112
1196328125
1944893661
979169440
733591119
762319606
418180040
1785439296
1089248341
1846260159
1103276810
1399537472
637906313
1053036767
976208042
353498814
1314799296
225040242
532644927
1451447393
1209587878
1463263044
79255064
599999508
1756008291
363586116
1200875897
1069886373
699694680
148035788
1251425690
256733112
618766561
1493771953
1741380641
1477291971
1787713630
659274233
1553899158
834517339
517218016
2016875503
1744694673
1341652973
583223711
1125545869
2013457507
133010723
2128228581
650136435
446267109
1398405639
942541905
1462417063
893237926
1739129752
153822547
1872720088
1286188584
401140586
1018660969
895272099
1567737011
1479078834
1754749013
673737240
1968005696
728601578
654966252
16622842
207231384
1866879101
1900967837
1452220040
1310564125
2058965243
477351343
1992600256
1772511274
703830934
946580062
612245058
1408537029
1569605522
670888506
1333973592
364886064
1574265463
1681105601
2046976075
838867585
617358540
1451483123
1810101988
1130768914
1750345295
1822376459
1269372899
1247764195
995012410
718415681
1259287133
1387503146
240452049
1860847536
1460186291
2055358568
2136990381
1880821039
2147402280
779948478
353888458
1421095063
31601907
704790140
2035569775
259228068
1749302760
1480359890
1810620735
1259415155
1391685253
1809647694
2085384244
2119869868
1899167746
1262861661
1335053126
1328744826
531845429
899186389
783215984
1583770625
373089810
2015671077
829259714
199144168
1236509550
816754831
482972993
1986391338
498441504
2120134428
2050660372
483821501
1214879765
209694679
317805226
560603293
1048786062
401569458
1784261732
625283016
1494165141
1907240416
1648756590
1670510889
75310545
876461732
1101994951
1330169729
857870033
16438673
1406870295
1474094595
1736506373
1159848281
860994948
997277550
133918015
197216049
1042868222
1872163987
529733665
1913990840
1286499467
1331183873
722719065
571818023
556192236
2074078708
1086287252
1471361217
893778914
94096833
937508039
610093434
1753414460
1866225086
1646355967
2125429421
849294549
1917167081
982490779
720760870
2020173010
1331320000
863121907
237855464
1169716381
1357910829
1098586334
2023602279
984985614
1849263422
39510523
480913138
1726146705
991083612
1259100752
402481326
2077641679
839598733
20861094
572572397
350054172
1402759671
1106313731
901461191
361107552
345840042
1442837112
377999460
780296394
1906345376
1638204839
420890886
101987784
416735382
1127392407
835966968
1258812502
2000314517
429593434
336824024
234477876
237169687
381280577
91454991
1633226132
495624570
2020564924
1475767657
1938371996
891211782
2045465896
1227092896
1464840931
828998109
97316227
1358771822
536910156
122707198
755575666
889413751
1890729937
1182526500
1909216162
495381260
78737401
489572055
1227676728
539887120
764417265
1313796501
550933853
1743265154
938047257
1082795772
772115326
1846088908
372544900
1447303295
279209496
422230577
1143337951
397269101
375121984
1810681143
127208764
1251467783
964190163
232469279
838418260
1655487853
986214839
1034011527
1194062765
378210140
26227860
577495385
1486334902
1300916010
964369963
1106884232
1899936910
1305299127
1616973384
66112103
897069622
1713935014
1907623087
1637857146
1019665576
599832772
1101159986
181814856
2040538758
21063116
1820472504
1481855919
1184576374
2001710128
263307394
1591058138
447752922
600660966
2135714662
1914648276
1598608084
638160171
1024660879
804028060
1332497496
1325944356
708986373
1694697455
704516024
1723469457
1091733063
657309873
751155343
1758972735
794872543
2074545861
347793135
2056216458
1523162082
1780039934
536484381
1556641361
1825566573
1198527722
258814794
1245857583
1162839231
1737767717
884420419
1719661246
1511640196
1405230162
1825666675
733458389
679010143
395373243
723691283
1879500420
1426595217
130893364
901514220
1252365955
1027381438
1431306586
2005460855
1024750320
159779300
1056136350
1531291995
980534317
50758741
551152128
1116845785
1820033715
549580137
466196812
1349475028
1051999629
724898852
700276133
1330581771
1340608986
216803378
1682108734
1726763230
615601052
1978153365
1629266348
515527939
1529038775
1765371423
963439409
499448683
1867922705
113467442
81819158
745054426
152592125
520370357
1311179515
1664406738
562059744
1905037902
